0 0.049219 0.972222 0.042188 0.055556
0 0.209766 0.943056 0.083594 0.113889
0 0.382031 0.940278 0.089063 0.119444
0 0.249219 0.900000 0.154688 0.200000
0 0.040234 0.848611 0.064844 0.152778
0 0.376563 0.743750 0.053125 0.143056
0 0.098437 0.698611 0.075000 0.091667
0 0.835156 0.570833 0.042188 0.102778
0 0.376172 0.554861 0.047656 0.084722
0 0.965625 0.491667 0.068750 0.088889
2 0.896094 0.927778 0.082812 0.144444
2 0.792188 0.923611 0.068750 0.152778
2 0.174219 0.301389 0.276562 0.075000
2 0.194531 0.223611 0.107813 0.052778